[DISKBENCHMARK]
num_inserts=1000000
num_inserts_str=1M
write_time=0.410000,0.450000,0.460000,0.510000,0.500000,0.490000,0.520000,0.490000,0.500000,0.550000
write_time_avg=0.004100,0.002250,0.001533,0.001275,0.001000,0.000817,0.000743,0.000613,0.000556,0.000550
xticks=100000,200000,300000,400000,500000,600000,700000,800000,900000,1000000
xticks_str=100K,200K,300K,400K,500K,600K,700K,800K,900K,1M
insert_time=5.150000
insert_time_avg=0.004880
read_time=0.350000,0.320000,0.300000,0.330000,0.260000,0.350000,0.390000,0.360000,0.350000,0.390000
read_time_avg=0.003500,0.001600,0.001000,0.000825,0.000520,0.000583,0.000557,0.000450,0.000389,0.000390
search_time=3.600000
search_time_avg=0.003400
remove_time=0.600000,0.610000,0.590000,0.550000,0.580000,0.590000,0.600000,0.520000,0.510000,0.460000
remove_time_avg=0.006000,0.003050,0.001967,0.001375,0.001160,0.000983,0.000857,0.000650,0.000567,0.000460
delete_time=5.730000
delete_time_avg=0.005610
rewrite_time=0.460000,0.480000,0.490000,0.490000,0.490000,0.510000,0.490000,0.480000,0.500000,0.540000
rewrite_time_avg=0.004600,0.002400,0.001633,0.001225,0.000980,0.000850,0.000700,0.000600,0.000556,0.000540
reinsert_time=5.180000
reinsert_time_avg=0.004930

[PLOTINFO]
DPI=75
plot_type=times

[HOSTINFO]
host=srh-lw-tibito2
date=04/24/2016
build=GCC
title=Disk Speed Benchmark

